# YOLOv5 Hyperparameter Evolution Results
# Best generation: 53
# Last generation: 133
#    metrics/precision,       metrics/recall,      metrics/mAP_0.5, metrics/mAP_0.5:0.95,         val/box_loss,         val/obj_loss,         val/cls_loss
#              0.93529,              0.79713,              0.87093,              0.41311,             0.040563,             0.013699,                    0

lr0: 0.01531
lrf: 0.01117
momentum: 0.95733
weight_decay: 0.00039
warmup_epochs: 2.8775
warmup_momentum: 0.86676
warmup_bias_lr: 0.09326
box: 0.04507
cls: 0.2953
cls_pw: 1.2019
obj: 1.0145
obj_pw: 1.0102
iou_t: 0.5
anchor_t: 3.9603
fl_gamma: 0.0
hsv_h: 0.01501
hsv_s: 0.69115
hsv_v: 0.47764
degrees: 0.0
translate: 0.13484
scale: 0.3446
shear: 0.0
perspective: 0.0
flipud: 0.0
fliplr: 0.5
mosaic: 0.83278
mixup: 0.0
copy_paste: 0.0
anchors: 5.2423
